A05: -2.85040400
A06: 1.10043531
A07: 0.27444831
A08: -0.34123400
A09: -1.06257300
B07: -2.91367900
B08: -2.88251100
B10: -2.15616100
C05: -1.48745769
C06: -1.71454500
C07: 1.60241431
C08: -0.53532869
C09: -1.40383469
C10: 0.67376931
D05: -1.63856369
D07: -3.09589700
D08: -2.38303469
D10: 2.74498600
E05: 0.60173131
E06: -0.59875069
E07: -1.66520200
E08: -1.00756100
E09: -0.75383300
E10: -1.30904869
F05: -2.75954300
F07: 2.94051831
F08: 1.90133900
F10: 3.06829531
G05: -2.94632700
G06: 0.53530431
G07: 2.31516231
G08: 1.58895700
G09: 1.44272800