A05: 3.333579
A06: 4.345870
A07: 4.729842
A08: 3.455752
A09: 3.975860
A10: 4.607669
B05: 3.961897
B06: 3.839724
B07: 5.019567
B08: 4.433136
B09: 4.118977
B10: 3.351032
C05: 5.469862
C06: 0.588176
C07: 4.249877
C08: 4.293510
C09: 4.778711
C10: 3.368485
D05: 5.965535
D06: 6.073746
D07: 0.122173
D08: 5.977753
D09: 0.270526
D10: 0.095993
E05: 6.239552
E06: 6.239552
E07: 0.884882
E08: 0.261799
E09: 0.059341
E10: 6.265732
F05: 5.654867
F06: 0.532325
F07: 5.201081
F08: 0.354302
F09: 0.383972
F10: 5.934119
G05: 5.462881
G06: 5.733407
G07: 5.567600
G08: 0.205949
G09: 0.279253
G10: 5.270894
# below are calibrated separetly
G15: 0.069813 #
G16: 0.488692 #
G17: 6.230825 #
G18: 0.680678 #
G19: 5.546656 #
G20: 0.000000 # REF