A05: 1.91093102
A06: 0.03261775
A07: -0.74154186
A08: -2.39024031
A09: -2.66337264
B07: 2.60604994
B08: 2.00514151
B10: 2.35419682
C05: 2.77987288
C06: -0.87150672
C07: 0.36657987
C08: -2.42437342
C09: 3.13427265
C10: -1.20022157
D05: -3.00141934
D07: 1.75516635
D08: 2.39105973
D10: 1.22636026
E05: -0.84337407
E06: -2.20010738
E07: 3.06789687
E08: -2.54365084
E09: -2.26108101
E10: -2.85895896
F05: 1.89450510
F07: 1.46664688
F08: 0.43245128
F10: 1.59237165
G05: 1.79121604
G06: -0.90811481
G07: 0.85156988
G08: 0.25544182
G09: 0.00000000