A05: -1.96355000
A06: 0.19911031
A07: -0.63132769
A08: -0.62655500
A09: -0.09125269
B07: 1.66724731
B08: 2.55299931
B10: -0.68697500
C05: 1.28512631
C06: -0.09689400
C07: -2.59867300
C08: -2.62045400
C09: 2.22710531
C10: -2.08184600
D05: -1.23255269
D07: 2.96705500
D08: -3.09742700
D10: 3.06386731
E05: -0.97004069
E06: 0.90608431
E07: 2.04834400
E08: -1.37768000
E09: 0.50403700
E10: 1.72898531
F05: -2.85636100
F07: 1.35521131
F08: -1.88263400
F10: 1.90085031
G05: 0.33941131
G06: 1.02930331
G07: 2.75737331
G08: 0.00017200
G09: -0.60283800