A05: 2.05747331
A06: -0.59806369
A07: -1.73541900
A08: -1.41793000
A09: 0.31989031
B07: -0.82200969
B08: -1.45218400
B10: 0.93394531
C05: 1.24007831
C06: 0.18061300
C07: -2.86723000
C08: 1.50367831
C09: -2.20794500
C10: -2.17542100
D05: 0.16911931
D07: -2.57427300
D08: 3.12354031
D10: -2.90858400
E05: 2.86290031
E06: 2.93961931
E07: -0.78742300
E08: 2.92718631
E09: 0.10136600
E10: 1.81974631
F05: 2.25956931
F07: -0.13100769
F08: -1.07234600
F10: 1.54365831
G05: 2.66064531
G06: 1.69900331
G07: -0.61893469
G08: 0.91449200
G09: 1.24601400