A05: -1.15991791
A06: 0.91442771
A07: -0.53095448
A08: -0.20667336
A09: 0.29176770
B07: 2.33303655
B08: 3.04604786
B10: -1.14854924
C05: 1.76402826
C06: 2.12901114
C07: -1.41137960
C08: -1.66535939
C09: 2.76223023
C10: -1.08721962
D05: -0.35873803
D07: -2.74716931
D08: -2.61704620
D10: -2.76628573
E05: 0.17551090
E06: 1.32129834
E07: 2.97442521
E08: -0.50371308
E09: 1.54408544
E10: 2.27064759
F05: -1.91639691
F07: 1.78025094
F08: -1.00728483
F10: 2.33472423
G05: 1.01869363
G06: 1.64555920
G07: -2.58711479
G08: 0.66276948
G09: 0.00000000