A05: 1.03374205
A06: -2.70729778
A07: -3.08658651
A08: -2.73323621
A09: -0.92426989
B07: -0.44254054
B08: -2.72032748
B10: 0.09302100
C05: -2.47182455
C06: -0.42459346
C07: 3.04449127
C08: 0.10812814
C09: -3.01727931
C10: -3.10171326
D05: -0.26991895
D07: 2.93746835
D08: 1.70799078
D10: 2.20974414
E05: 1.53648215
E06: 2.02065552
E07: -2.36540549
E08: 1.84446454
E09: -0.69353407
E10: 0.62357424
F05: 0.94868548
F07: -1.28939770
F08: -2.31724794
F10: 0.19326175
G05: 1.52158038
G06: 0.62317319
G07: -1.60941976
G08: -0.16059434
G09: 0.00000000